DOTS
5900.000000 6400.000000
5900.000000 6700.000000
4200.029785 3305.444580
3950.000000 3600.000000
2100.000000 6700.000000
4850.000000 3650.000000
4099.760254 3305.990479
700.000000 3450.000000
5450.000000 2550.000000
1950.000000 3000.000000
1250.000000 4500.000000
4849.674316 2250.000000
50.000000 3200.000000
3400.000000 4800.000000
900.000000 4500.000000
600.000000 4500.000000
3400.000000 4150.000000
3950.000000 4150.000000
4100.000000 4150.000000
4449.999512 4150.000000
1400.000000 4050.000000
5849.732422 2800.000000
1400.000000 3700.000000
1750.000000 6400.000000
1250.000000 5600.000000
2250.000000 5300.000000
5100.000000 2550.000000
5800.000000 2800.000000
2100.000000 1600.000000
2650.000000 4600.000000
5550.000000 3300.000000
3200.000000 5950.000000
2500.000000 5300.000000
700.000000 3200.000000
-100.000000 6400.000000
5550.000000 2800.000000
2150.000000 5100.000000
1600.000000 1800.000000
800.000000 4050.000000
2450.000000 3950.000000
3200.000000 4150.000000
2050.000000 5850.000000
350.000000 2900.000000
2450.000000 5850.000000
3800.000000 2550.000000
2500.000000 1600.000000
3200.000000 3600.000000
2500.000000 1800.000000
3950.008301 4798.890137
2700.000000 5950.000000
3400.000000 6700.000000
DOTS_END
WIRES
next
0
5900.000000 6400.000000
5650.000000 6400.000000
next
0
5900.000000 6400.000000
5900.000000 6700.000000
next
0
2700.000000 6843.000000
2700.000000 7050.000000
2700.000000 7050.000000
2550.000000 7050.000000
next
0
2200.000000 7050.000000
2100.000000 7050.000000
2100.000000 7050.000000
2100.000000 6700.000000
next
0
2100.000000 6700.000000
2700.000000 6700.000000
next
0
5200.000000 2800.000000
3700.000000 2800.000000
next
0
3350.000000 2800.000000
3200.000000 2800.000000
3200.000000 2800.000000
3200.000000 3050.000000
3200.000000 3050.000000
3450.000000 3050.000000
next
0
3650.000000 3050.000000
4100.000000 3050.000000
4100.000000 3050.000000
4099.760254 3305.990479
next
0
3650.000000 3193.000000
3650.000000 3300.000000
3650.000000 3300.000000
3750.000000 3306.127930
next
0
3950.000000 3306.127930
4099.760254 3305.990479
next
0
4099.760254 3305.990479
4200.029785 3305.444580
next
0
4200.029785 3305.444580
4400.000000 3650.000000
next
0
4200.029785 3305.444580
5200.000000 3300.000000
next
0
4800.000000 3650.000000
4850.000000 3650.000000
next
0
3950.000000 3600.000000
3950.000000 3449.127930
next
0
3950.000000 3600.000000
4100.000000 3600.000000
next
0
1200.000000 4497.418457
1250.000000 4500.000000
next
0
950.000000 4497.418457
900.000000 4500.000000
next
0
1500.000000 3743.000000
1500.000000 4150.000000
1500.000000 4150.000000
2100.000000 4150.000000
2100.000000 4150.000000
2100.000000 4093.000000
next
0
2100.000000 3950.000000
1950.000000 3950.000000
1950.000000 3950.000000
1950.000000 3000.000000
next
0
1950.000000 3000.000000
2100.000000 3000.000000
next
0
1700.000000 3600.000000
2550.000000 3600.000000
next
0
2950.000000 3600.000000
2900.000000 3600.000000
next
0
3750.000000 3800.000000
3800.000000 3800.000000
next
0
3400.000000 3800.000000
3400.000000 4150.000000
next
0
3400.000000 4150.000000
3547.962158 4147.962891
next
0
3950.000000 3800.000000
3950.000000 4150.000000
next
0
900.000000 4500.000000
900.000000 4950.000000
900.000000 4950.000000
985.108521 4950.000000
next
0
900.000000 4500.000000
600.000000 4500.000000
next
0
3950.000000 4450.000000
3950.008301 4798.890137
next
0
3803.260986 4797.804199
3950.008301 4798.890137
next
0
3400.000000 4450.000000
3400.000000 4800.000000
next
1
450.000000 4800.000000
4449.999512 4150.000000
next
0
5849.732422 2800.000000
5849.732422 2800.000000
next
0
4849.674316 2250.000000
4849.674316 2250.000000
next
0
3400.000000 4800.000000
3553.260986 4797.804199
next
0
3750.000000 4450.000000
3800.000000 4450.000000
next
0
1400.000000 3700.000000
1400.000000 4050.000000
next
0
3950.000000 4150.000000
4100.000000 4150.000000
next
1
450.000000 5600.000000
1750.000000 6400.000000
next
0
1750.000000 6400.000000
1750.000000 6450.000000
next
1
1250.000000 5600.000000
1400.000000 5500.000000
1400.000000 5500.000000
1900.000000 5500.000000
1900.000000 5500.000000
2250.000000 5300.000000
next
1
450.000000 4800.000000
600.000000 4500.000000
next
1
450.000000 5150.000000
450.000000 5300.000000
next
1
4449.999512 4150.000000
5849.732422 2800.000000
next
0
5800.000000 2800.000000
5849.732422 2800.000000
next
1
4850.000000 3650.000000
5849.732422 2800.000000
next
1
4449.999512 4150.000000
4849.674316 2250.000000
next
0
2800.000000 4150.000000
2650.000000 4150.000000
2650.000000 4150.000000
2650.000000 4600.000000
next
0
2650.000000 4600.000000
2050.000000 4600.000000
2050.000000 4600.000000
2050.000000 5600.000000
2050.000000 5600.000000
1700.000000 5600.000000
next
0
1250.000000 4500.000000
1300.000000 4500.000000
next
0
700.000000 3200.000000
50.000000 3200.000000
next
0
700.000000 3450.000000
-100.000000 3450.000000
-100.000000 3450.000000
-100.000000 6400.000000
next
0
1185.108521 4950.000000
1250.000000 4950.000000
1250.000000 4950.000000
1250.000000 4500.000000
next
0
5100.000000 2550.000000
5100.000000 2300.000000
5100.000000 2300.000000
5200.000000 2300.000000
next
0
5100.000000 2550.000000
5200.000000 2550.000000
next
0
5350.000000 2550.000000
5450.000000 2550.000000
next
0
5350.000000 3300.000000
5550.000000 3300.000000
next
0
5350.000000 2800.000000
5550.000000 2800.000000
next
0
5550.000000 2800.000000
5550.000000 3300.000000
next
0
5350.000000 2300.000000
5450.000000 2300.000000
5450.000000 2300.000000
5450.000000 2550.000000
next
0
5450.000000 2550.000000
5550.000000 2550.000000
5550.000000 2550.000000
5550.000000 2800.000000
next
0
5550.000000 2800.000000
5800.000000 2800.000000
next
0
1500.000000 5000.000000
1400.000000 5000.000000
1400.000000 5000.000000
1400.000000 5300.000000
1400.000000 5300.000000
1950.000000 5300.000000
1950.000000 5300.000000
1950.000000 5100.000000
1950.000000 5100.000000
2150.000000 5100.000000
next
0
2250.000000 1600.000000
2100.000000 1600.000000
next
0
3000.000000 400.000000
2800.000000 397.655823
next
0
1700.000000 5000.000000
1950.000000 5000.000000
1950.000000 5000.000000
1950.000000 4800.000000
1950.000000 4800.000000
3400.000000 4800.000000
next
0
1600.000000 1800.000000
1800.000000 1800.000000
next
0
2600.000000 247.655823
2100.000000 250.000000
2100.000000 250.000000
2100.000000 1050.000000
2100.000000 1050.000000
2150.000000 1050.000000
next
0
2150.000000 1800.000000
2250.000000 1800.000000
next
0
1500.000000 1800.000000
1600.000000 1800.000000
next
0
1750.000000 1600.000000
1600.000000 1600.000000
1600.000000 1600.000000
1600.000000 1800.000000
next
0
2450.000000 1050.000000
2500.000000 1050.000000
2500.000000 1050.000000
2500.000000 550.000000
2500.000000 550.000000
2600.000000 547.655823
next
0
996.000000 6750.000000
1150.000000 6750.000000
next
0
996.000000 6050.000000
1100.000000 6050.000000
next
0
1300.000000 6050.000000
1450.000000 6050.000000
next
0
1100.000000 6193.000000
1100.000000 6400.000000
1100.000000 6400.000000
996.000000 6400.000000
next
0
1450.000000 6193.000000
1450.000000 6750.000000
1450.000000 6750.000000
1350.000000 6750.000000
next
0
800.000000 4050.000000
800.000000 3700.000000
next
0
850.000000 1700.000000
1150.000000 1800.000000
next
0
2800.000000 547.655823
2800.000000 600.000000
2800.000000 600.000000
460.650879 600.000000
460.650879 600.000000
350.000000 604.629639
next
0
1500.000000 4500.000000
1500.000000 4550.000000
next
0
1700.000000 4693.000000
1700.000000 4750.000000
1700.000000 4750.000000
1900.000000 4750.000000
1900.000000 4750.000000
1900.000000 4350.000000
1900.000000 4350.000000
2200.000000 4350.000000
2200.000000 4350.000000
2450.000000 3950.000000
next
0
2300.000000 3950.000000
2450.000000 3950.000000
next
0
2450.000000 3950.000000
3200.000000 3950.000000
3200.000000 3950.000000
3200.000000 4150.000000
next
0
2800.000000 4543.000000
2800.000000 4600.000000
2800.000000 4600.000000
2650.000000 4600.000000
next
0
1500.000000 5600.000000
1250.000000 5600.000000
next
0
1700.000000 5743.000000
1700.000000 5850.000000
1700.000000 5850.000000
2050.000000 5850.000000
next
0
1350.000000 3700.000000
1400.000000 3700.000000
next
0
1196.273926 4051.883545
1400.000000 4050.000000
next
0
3000.000000 249.999969
4150.000000 -950.000000
next
0
1400.000000 4050.000000
1400.000000 4300.000000
1400.000000 4300.000000
900.000000 4300.000000
900.000000 4300.000000
900.000000 4500.000000
next
0
700.000000 2350.000000
1000.000000 2350.000000
next
0
350.000000 2350.000000
350.000000 2900.000000
next
0
300.000000 2900.000000
350.000000 2900.000000
next
0
350.000000 2900.000000
450.000000 2900.000000
450.000000 2900.000000
450.000000 2793.000000
next
0
650.000000 2650.000000
1000.000000 2650.000000
next
0
1200.000000 2650.000000
1250.000000 2650.000000
1250.000000 2650.000000
1250.000000 2900.000000
1250.000000 2900.000000
600.000000 2900.000000
600.000000 2900.000000
600.000000 3100.000000
600.000000 3100.000000
700.000000 3200.000000
next
0
4697.246582 68.379456
4946.000000 -450.000000
next
0
4397.246582 68.380554
4150.000000 -450.000000
next
0
950.000000 3200.000000
700.000000 3200.000000
next
0
1150.000000 3200.000000
1250.000000 3200.000000
1250.000000 3200.000000
1250.000000 3450.000000
1250.000000 3450.000000
700.000000 3450.000000
next
0
3000.000000 550.000000
4300.000000 491.787231
next
0
5150.001465 550.000000
4650.000000 491.787231
next
0
50.000000 2900.000000
50.000000 3200.000000
next
0
2800.000000 247.655823
2800.000000 200.000000
2800.000000 200.000000
350.000000 200.000000
350.000000 200.000000
350.000000 254.629639
next
0
50.000000 3200.000000
50.000000 6050.000000
50.000000 6050.000000
200.000000 6050.000000
next
0
200.000000 6400.000000
-100.000000 6400.000000
next
0
-100.000000 6400.000000
-100.000000 6750.000000
-100.000000 6750.000000
200.000000 6750.000000
next
0
1150.000000 3700.000000
1200.000000 3700.000000
next
0
1200.000000 2350.000000
1400.000000 2350.000000
1400.000000 2350.000000
1400.000000 3700.000000
next
0
4449.999512 4150.000000
4449.999512 4150.000000
next
0
3200.000000 4150.000000
3400.000000 4150.000000
next
0
3200.000000 4150.000000
3200.000000 4400.000000
3200.000000 4400.000000
3000.000000 4400.000000
next
0
1650.000000 6050.000000
1750.000000 6050.000000
1750.000000 6050.000000
1750.000000 6400.000000
next
0
2050.000000 5850.000000
2050.000000 6450.000000
2050.000000 6450.000000
2150.000000 6450.000000
2150.000000 6450.000000
2150.000000 6393.000000
next
0
2350.000000 6250.000000
2450.000000 6250.000000
2450.000000 6250.000000
2450.000000 5850.000000
next
0
2150.000000 5100.000000
2550.000000 5100.000000
next
0
2050.000000 5850.000000
2150.000000 5850.000000
next
0
2350.000000 5850.000000
2450.000000 5850.000000
next
0
2450.000000 5850.000000
2450.000000 5850.000000
2450.000000 5850.000000
2150.000000 5400.000000
2150.000000 5400.000000
2150.000000 5100.000000
next
0
800.000000 4050.000000
600.000000 4050.000000
600.000000 4050.000000
600.000000 3550.000000
600.000000 3550.000000
700.000000 3450.000000
next
0
800.000000 4050.000000
946.273926 4051.883545
next
0
1700.000000 2550.000000
2495.920410 2550.000000
next
1
2182.453125 7428.595703
1750.000000 7400.000000
1750.000000 7400.000000
1250.000000 5600.000000
next
1
2482.453125 7428.595215
4449.999512 4150.000000
next
0
2695.920410 2550.000000
2850.000000 2550.000000
next
0
3050.000000 2550.000000
3150.000000 2550.000000
next
0
3350.000000 2550.000000
3400.000000 2550.000000
next
0
3750.000000 2550.000000
3800.000000 2550.000000
next
0
3800.000000 2550.000000
3800.000000 2250.000000
next
0
3800.000000 2550.000000
5100.000000 2550.000000
next
0
4150.000000 2250.000000
4300.000000 2250.000000
next
0
4700.000000 2250.000000
4849.674316 2250.000000
next
0
996.000000 7250.000000
1200.000000 7250.000000
next
0
2150.000000 1250.000000
2100.000000 1250.000000
2100.000000 1250.000000
2100.000000 1600.000000
next
0
2450.000000 1250.000000
2500.000000 1250.000000
2500.000000 1250.000000
2500.000000 1600.000000
next
0
200.000000 7250.000000
0.000000 7250.000000
next
1
-350.000000 7250.000000
-350.000000 7850.000000
next
1
-50.000000 7850.000000
1550.000000 7850.000000
1550.000000 7850.000000
1550.000000 7250.000000
next
0
1500.000000 2693.000000
1500.000000 3000.000000
1500.000000 3000.000000
1950.000000 3000.000000
next
0
2300.000000 3143.000000
2300.000000 3250.000000
2300.000000 3250.000000
2950.000000 3250.000000
next
0
3150.000000 3250.000000
3200.000000 3250.000000
3200.000000 3250.000000
3200.000000 3600.000000
next
0
3150.000000 3600.000000
3200.000000 3600.000000
next
0
3200.000000 3600.000000
3950.000000 3600.000000
next
0
3000.000000 4150.000000
3200.000000 4150.000000
next
0
3200.000000 250.000000
3700.000000 250.000000
3700.000000 250.000000
3700.000000 1000.000000
3700.000000 1000.000000
3650.000000 1000.000000
next
0
3200.000000 550.000000
3300.000000 550.000000
3300.000000 550.000000
3300.000000 1000.000000
3300.000000 1000.000000
3350.000000 1000.000000
next
0
3797.962158 4147.962891
3950.000000 4150.000000
next
0
2400.000000 1600.000000
2500.000000 1600.000000
next
0
3350.000000 1200.000000
3300.000000 1200.000000
3300.000000 1200.000000
3300.000000 1450.000000
3300.000000 1450.000000
3350.000000 1450.000000
next
0
3650.000000 1200.000000
3700.000000 1200.000000
3700.000000 1200.000000
3700.000000 1450.000000
3700.000000 1450.000000
3650.000000 1450.000000
next
0
4100.000000 3950.000000
4100.000000 4150.000000
next
0
2500.000000 1600.000000
2500.000000 1800.000000
next
0
2400.000000 1800.000000
2500.000000 1800.000000
next
0
2500.000000 1800.000000
2500.000000 2000.000000
2500.000000 2000.000000
850.000000 2000.000000
next
0
2100.000000 1600.000000
1950.000000 1600.000000
next
0
3650.000000 1850.000000
3700.000000 1850.000000
3700.000000 1850.000000
3700.000000 2011.158447
next
0
3350.000000 1850.000000
3300.000000 1850.000000
3300.000000 1850.000000
3300.000000 2011.158447
next
0
4100.000000 4150.000000
4449.999512 4150.000000
next
0
2750.000000 5100.000000
2900.000000 5100.000000
2900.000000 5100.000000
2900.000000 5300.000000
2900.000000 5300.000000
2500.000000 5300.000000
next
0
2500.000000 5300.000000
2350.000000 5400.000000
2350.000000 5400.000000
2350.000000 5550.000000
2350.000000 5550.000000
2800.000000 5550.000000
next
0
2500.000000 5300.000000
2250.000000 5300.000000
next
0
3000.000000 5550.000000
3550.000000 5550.000000
3550.000000 5550.000000
3550.000000 6000.000000
next
0
3150.000000 5950.000000
3200.000000 5950.000000
next
0
2750.000000 5950.000000
2700.000000 5950.000000
next
0
3200.000000 5950.000000
3200.000000 6300.000000
3200.000000 6300.000000
3050.000000 6300.000000
next
0
2700.000000 5950.000000
2700.000000 6300.000000
2700.000000 6300.000000
2850.000000 6300.000000
next
0
1800.000000 6700.000000
2100.000000 6700.000000
next
0
3400.000000 6700.000000
2900.000000 6700.000000
next
0
3200.000000 5950.000000
3350.000000 5950.000000
3350.000000 5950.000000
3350.000000 6000.000000
next
0
2700.000000 5950.000000
2550.000000 5950.000000
next
0
3800.000000 6150.000000
3400.000000 6150.000000
3400.000000 6150.000000
3400.000000 6700.000000
next
0
3400.000000 6700.000000
3400.000000 6800.000000
3400.000000 6800.000000
3500.000000 6800.000000
next
0
4150.000000 6150.000000
4450.000000 3900.000000
next
0
4650.000000 3900.000000
4600.000000 6150.000000
next
0
4800.000000 6150.000000
4900.000000 6150.000000
4900.000000 6150.000000
5100.000000 6450.000000
5100.000000 6450.000000
5400.000000 6450.000000
next
0
4800.000000 6293.000000
4800.000000 6450.000000
4800.000000 6450.000000
4900.000000 6450.000000
4900.000000 6450.000000
5100.000000 6150.000000
5100.000000 6150.000000
5400.000000 6150.000000
next
0
5400.000000 6700.000000
4800.000000 6700.000000
next
0
5650.000000 6150.000000
5900.000000 6150.000000
5900.000000 6150.000000
5900.000000 6400.000000
next
0
5900.000000 6700.000000
5650.000000 6700.000000
next
0
5900.000000 6700.000000
5900.000000 7000.000000
5900.000000 7000.000000
4900.000000 7000.000000
next
0
5150.000000 250.000000
4946.000000 -950.000000
next
0
3950.008301 4798.890137
4100.000000 4800.000000
4100.000000 4800.000000
4100.000000 4150.000000
WIRES_END
ELEMENTS
next
2
0
2250.000000 1500.000000
0.000000
0
0
0.000011
next
2
0
2250.000000 1700.000000
0.000000
0
0
0.000050
next
5
0
1738.000000 1588.000000
0.000000
0
0
1_T 4962163149838339063 1
next
12
0
2450.000000 1038.000000
90.000000
0
0
0.500000 0.500000 0.995000
next
13
0
2588.000000 247.655823
0.000000
0
0
0.500000 0.500000 0.995000 0.500000 0.500000 0.995000
next
13
0
3212.000000 550.000000
180.000000
0
0
0.500000 0.500000 0.995000 0.500000 0.500000 0.995000
next
0
0
1800.000000 1742.000000
0.000000
0
0
400.000000
next
0
0
1150.000000 1742.000000
0.000000
0
0
1.000000
next
1
0
719.000000 2000.000000
270.000000
0
0
220.000000 25.000000 0.000000
next
5
0
438.000000 2638.000000
0.000000
0
0
1_J 4962169746908108329 0
next
4
0
1000.000000 2586.000000
0.000000
0
0

next
4
0
1000.000000 2286.000000
0.000000
0
0

next
4
0
2950.000000 3536.000000
0.000000
0
0

next
4
0
2950.000000 3186.000000
0.000000
0
0

next
0
0
800.000000 3642.000000
0.000000
0
0
1.000000
next
2
0
1200.000000 3600.000000
0.000000
0
0
0.005000
next
9
0
950.000000 4362.418457
0.000000
0
0
1_V 4962165348861595485 0.400010 0.150000 3.070000 1.000000
next
9
0
946.273926 3916.883545
0.000000
0
0
1_PT 12215093630073738957 0.070010 0.100000 5.000000 0.150000
next
4
0
985.108521 4886.000000
0.000000
0
0

next
4
0
1500.000000 4436.000000
0.000000
1
0

next
5
0
1488.000000 4988.000000
0.000000
0
0
1_V 4962165348861595485 1
next
5
0
1488.000000 2538.000000
0.000000
0
0
1_PT 12215093630073738957 1
next
5
0
2483.920410 2538.000000
0.000000
0
0
1_1A 12244585830471376635 1
next
5
0
2838.000000 2538.000000
0.000000
0
0
1_1 4962192836652300760 1
next
5
0
1162.000000 3188.000000
0.000000
1
0
1_PT 12215093630073738957 1
next
4
0
3150.000000 2486.000000
0.000000
0
0

next
0
0
3400.000000 2492.000000
0.000000
0
0
15.000000
next
0
0
3800.000000 2192.000000
0.000000
0
0
200.000000
next
7
0
50.000000 2765.000000
0.000000
0
0
1_T 4962163149838339063 0.070000 0.400000 5.000000 0.050000
next
9
0
3553.260986 4662.804199
0.000000
0
0
1_1A 12244585830471376635 0.100010 0.015000 5.000000 0.050000
next
9
0
3547.962158 4012.962891
0.000000
0
0
1_1 4962192836652300760 0.100010 0.150000 5.000000 0.050000
next
5
0
2312.000000 2988.000000
0.000000
1
0
1_T 4962163149838339063 1
next
5
0
1712.000000 5588.000000
0.000000
1
0
1_I 4962166448373223696 1
next
5
0
3662.000000 3038.000000
0.000000
1
0
1_1A 12244585830471376635 1
next
5
0
3962.000000 3294.127930
0.000000
1
0
1_1 4962192836652300760 0
next
0
0
350.000000 2292.000000
0.000000
0
0
1.000000
next
0
0
3350.000000 2742.000000
0.000000
0
0
16.000000
next
6
0
4400.000000 3502.000000
0.000000
0
0
1_J 4962169746908108329 0.000000 0.002500 300.000000 0.250700
next
6
0
4300.000000 2102.000000
0.000000
0
0
1_Z 4962152154722056953 0.000000 0.015000 1.000000 0.200000
next
5
0
2762.000000 5088.000000
0.000000
1
0
1_1A 12244585830471376635 1
next
5
0
2788.000000 5538.000000
0.000000
0
0
1_1 4962192836652300760 1
next
5
0
1088.000000 6038.000000
0.000000
0
0
1_Z 4962152154722056953 1
next
5
0
1438.000000 6038.000000
0.000000
0
0
1_J 4962169746908108329 1
next
5
0
1138.000000 6738.000000
0.000000
0
0
1_O 4962173045442992962 0
next
5
0
2138.000000 5838.000000
0.000000
0
0
1_T 4962163149838339063 1
next
5
0
2688.000000 6688.000000
0.000000
0
0
1_DSN 7513828404420299094 0
next
5
0
3338.000000 5988.000000
0.000000
0
0
1_J 4962169746908108329 1
next
0
0
3800.000000 6092.000000
0.000000
0
0
5.000000
next
5
0
4662.000000 3888.000000
0.000000
1
0
1_J 4962169746908108329 1
next
5
0
4812.000000 6138.000000
0.000000
1
0
1_Z 4962152154722056953 1
next
5
0
4588.000000 6688.000000
0.000000
0
0
1_J 4962169746908108329 1
next
0
0
3500.000000 6742.000000
0.000000
0
0
5.000000
next
2
0
3800.000000 3700.000000
0.000000
0
0
0.005000
next
0
0
3400.000000 3742.000000
0.000000
0
0
5.000000
next
0
0
4158.000000 3600.000000
90.000000
0
0
3000.000000
next
5
0
2788.000000 4138.000000
0.000000
0
0
1_1 4962192836652300760 1
next
5
0
2788.000000 4388.000000
0.000000
0
0
1_1A 12244585830471376635 1
next
5
0
2138.000000 6238.000000
0.000000
0
0
1_Z 4962152154722056953 0
next
0
0
2200.000000 6992.000000
0.000000
0
0
5.000000
next
4
0
2850.000000 6236.000000
0.000000
0
0

next
14
0
200.000000 5750.000000
0.000000
0
0
5
next
5
0
2088.000000 3938.000000
0.000000
0
0
1_J 4962169746908108329 1
next
5
0
1712.000000 4538.000000
0.000000
1
0
1_PT 12215093630073738957 0
next
8
0
2750.000000 5802.000000
0.000000
0
0
1_J1 12224548330562833096 0.500000 0.015000 1.000000 0.200000
next
2
0
5200.000000 2450.000000
0.000000
0
0
0.002000
next
2
0
5200.000000 2700.000000
0.000000
0
0
0.004000
next
2
0
5200.000000 3200.000000
0.000000
0
0
0.000500
next
0
0
2550.000000 3542.000000
0.000000
0
0
1.720000
next
5
0
1488.000000 3588.000000
0.000000
0
0
1_PT 12215093630073738957 0
next
2
0
3800.000000 4350.000000
0.000000
0
0
0.005000
next
0
0
3400.000000 4392.000000
0.000000
0
0
5.000000
next
2
0
5200.000000 2200.000000
0.000000
0
0
0.002000
next
12
0
3650.000000 988.000000
90.000000
0
0
0.500000 0.045000 1.000000
next
15
0
3250.000000 1450.000000
0.000000
0
0

next
10
0
3300.000000 1863.158447
0.000000
0
0
1_I 4962166448373223696 0.000000 0.100000 0.500000 30.840000
next
1
1
-350.000000 7719.000000
0.000000
0
0
-20.000000 0.000000 0.000000
next
0
1
1200.000000 7192.000000
0.000000
0
0
5.000000
next
0
1
-350.000000 7192.000000
0.000000
0
0
5.000000
next
1
1
581.000000 5300.000000
90.000000
0
0
16.000000 0.000000 0.000000
next
0
1
508.000000 4800.000000
90.000000
0
0
3.020000
next
14
0
4150.000000 -1950.000000
0.000000
0
0
7
next
1
0
4397.246094 -62.619446
359.999786
0
0
10.000000 0.000000 0.000000
next
1
0
5019.001465 550.000610
269.999725
0
0
220.000000 25.000000 0.000000
next
0
0
408.000000 254.629639
90.000000
0
0
40.000000
next
0
0
4300.000000 433.787231
0.000000
0
0
1.000000
next
1
1
2482.453369 7559.595215
179.999893
0
0
12.000000 0.000000 0.000000
ELEMENTS_END
