DOTS
1750.000000 2150.000000
2300.000000 1800.000000
1950.000000 1050.000000
2300.000000 2150.000000
2300.000000 2500.000000
DOTS_END
WIRES
next
0
1750.000000 1800.000000
1900.000000 1800.000000
next
0
2250.000000 1800.000000
2300.000000 1800.000000
next
0
2300.000000 1800.000000
2300.000000 1600.000000
next
0
1400.000366 1049.999512
1950.000000 1050.000000
next
0
700.000000 2900.000000
699.999939 2700.000244
next
0
699.999939 2700.000244
500.000000 2700.000000
500.000000 2700.000000
500.000000 1800.000000
500.000000 1800.000000
1550.000000 1800.000000
next
0
1050.000000 2900.000000
999.999939 2699.999023
next
0
1950.000000 900.000000
1950.000000 1050.000000
next
0
1550.000000 2200.000000
1550.000000 2100.000000
next
0
1750.000000 2200.000000
1750.000000 2150.000000
next
0
1750.000000 2150.000000
2300.000000 2150.000000
next
0
1750.000000 2150.000000
1750.000000 2100.000000
next
0
1950.000000 1050.000000
1950.000000 1200.000000
next
0
850.000000 1050.000000
850.000000 900.000000
850.000000 900.000000
1200.000000 900.000000
next
0
999.999939 2699.999023
1179.000854 2702.210449
next
0
1529.000854 2702.210449
1550.000000 2500.000000
next
0
1400.000610 1199.999512
1600.000000 1200.000000
next
0
1200.000000 1500.000000
1200.000610 1200.000000
next
0
1750.000000 2500.000000
1950.000000 2700.000000
next
0
2300.000000 2700.000000
2300.000000 2500.000000
next
0
1750.000000 1800.000000
1950.000000 1600.000000
next
0
2300.000000 2150.000000
2300.000000 1800.000000
next
0
1400.000000 899.999512
1600.000000 900.000000
next
0
300.000000 3650.000000
700.000000 3650.000000
next
0
300.000000 3950.000000
700.000000 3950.000000
next
0
850.000000 1500.000000
850.000000 1350.000000
next
0
900.000000 3650.000000
1350.000000 3650.000000
next
0
900.000000 3950.000000
1350.000000 4000.000000
next
0
1750.000000 2500.000000
1900.000000 2500.000000
next
0
2250.000000 2500.000000
2300.000000 2500.000000
next
0
2300.000000 2500.000000
2300.000000 2150.000000
WIRES_END
ELEMENTS
next
13
0
1188.000000 900.000000
359.999847
0
0
0.500000 0.500000 0.997580 0.500000 0.500000 0.997580
next
0
0
850.000000 1442.000000
0.000000
0
0
1.000000
next
0
0
1600.000000 1142.000000
0.000000
0
0
1.000000
next
1
0
719.000000 1350.000000
270.000000
0
0
20.000000 5.000000 0.000000
next
0
0
1600.000000 842.000000
0.000000
0
0
1.000000
next
12
0
1538.000000 2200.000000
0.000000
0
0
0.500000 0.500000 0.999000
next
12
0
1538.000000 1800.000000
0.000000
0
0
0.500000 0.500000 0.999000
next
1
0
1000.000488 2830.999023
179.999756
0
0
20.000000 5.000000 0.000000
next
0
0
1179.000854 2644.210449
0.000000
0
0
1.000000
next
0
0
1950.000000 1542.000000
0.000000
0
0
1000000.000000
next
0
0
1950.000000 2642.000000
0.000000
0
0
1000000.000000
next
0
0
1900.000000 1742.000000
0.000000
0
0
1.000000
next
0
0
1900.000000 2442.000000
0.000000
0
0
1.000000
next
0
0
700.000000 2842.000000
0.000000
0
0
100000.000000
next
1
0
169.000000 3950.000000
270.000000
0
0
20.000000 5.000000 0.000000
next
12
0
688.000000 3650.000000
0.000000
0
0
0.500000 0.500000 0.999000
next
0
0
1408.000000 3650.000000
90.000000
0
0
3.000000
ELEMENTS_END
